rgb_0 0.972487 199.195023 280.876251 286.515747 323.910248
rgb_1 0.982427 196.183319 281.629059 281.646210 323.496063
rgb_2 0.912576 194.218903 283.475220 284.167358 323.301514
rgb_3 0.982427 196.183319 281.629059 281.646210 323.496063
rgb_4 0.995443 197.207687 287.290680 281.284180 332.082001
rgb_5 0.989605 195.659668 284.979218 282.949890 330.422272
rgb_6 0.995443 197.207687 287.290680 281.284180 332.082001
rgb_7 0.999107 199.529068 290.418579 289.808228 336.333191
rgb_8 0.998930 223.058701 290.421539 314.983917 335.714630
rgb_9 0.999297 212.988205 293.087646 309.794006 337.018494
rgb_10 0.998930 223.058701 290.421539 314.983917 335.714630
rgb_11 0.998919 231.154160 288.049835 324.064087 335.109528
rgb_12 0.998391 232.650330 287.675598 332.033752 331.072937
rgb_13 0.979102 237.748032 284.086090 333.985138 329.318512
rgb_14 0.998658 245.136108 274.708862 342.423950 323.027710
rgb_15 0.989554 241.160904 278.468201 341.521698 325.441772
rgb_16 0.987487 245.048950 268.670837 357.431458 315.298218
rgb_17 0.998900 250.559494 272.796143 348.785248 319.691406
rgb_18 0.987487 245.048950 268.670837 357.431458 315.298218
rgb_19 0.975335 250.000031 256.915375 362.976593 306.220184
rgb_20 0.992147 251.604462 258.073700 354.329376 308.483673
rgb_21 0.992980 263.898254 250.113174 361.019775 306.368408
rgb_22 0.958240 268.297424 246.610535 375.604919 305.778137
rgb_23 0.992980 263.898254 250.113174 361.019775 306.368408
rgb_24 0.997724 271.824158 249.470108 379.268982 308.942688
